81.2021840511265	171.426832996823	221.050389916955
82.6993528663755	171.113947281144	220.611624321608
84.1965216816244	170.801061565466	220.172858726261
85.6936904968734	170.488175849788	219.734093130914
87.1908593121224	170.175290134110	219.295327535566
88.6128439800808	169.860619505198	218.853836650394
90.0310694406747	169.545859630625	218.412209500730
91.4492949012686	169.231099756052	217.970582351066
92.8675203618626	168.916339881478	217.528955201403
94.2252786442586	168.599850877620	217.084683330703
95.5766719605285	168.283179860152	216.640133068315
96.9280652767985	167.966508842685	216.195582805927
98.2794585930685	167.649837825218	215.751032543540
99.5815089143574	167.331495911355	215.303922041610
100.875335403150	167.012875514760	214.856384833089
102.169161891942	166.694255118165	214.408847624569
103.462988380734	166.375634721570	213.961310416048
104.716106434797	166.055404240258	213.511301589803
105.959646033630	165.734794915483	213.060711206446
107.203185632463	165.414185590708	212.610120823090
108.446725231296	165.093576265932	212.159530439733
109.656405236842	164.771420385368	211.706561444974
110.855504119486	164.448781206120	211.252849134153
112.054603002130	164.126142026871	210.799136823331
113.253701884774	163.803502847623	210.345424512510
114.424472327332	163.479383506542	209.889431243330
115.583911393855	163.154672100727	209.432525590806
116.743350460378	162.829960694913	208.975619938283
117.902789526901	162.505249289098	208.518714285760
119.038435602951	162.179127138294	208.059630256517
120.162185183764	161.852299614993	207.599457038914
121.285934764577	161.525472091693	207.139283821311
122.409684345390	161.198644568393	206.679110603708
123.513408639726	160.870478908608	206.216866822957
124.604809680845	160.541489780216	205.753348849499
125.696210721964	160.212500651825	205.289830876042
126.787611763083	159.883511523433	204.826312902584
127.862152867172	159.553260239346	204.360837738282
128.924049018488	159.222062338487	203.893894680845
129.985945169804	158.890864437628	203.426951623409
131.047841321120	158.559666536769	202.960008565973
132.095563093897	158.227286026766	202.491227601205
133.130399068003	157.893830417541	202.020775811592
134.165235042109	157.560374808316	201.550324021978
135.200071016215	157.226919199091	201.079872232365
136.223030899328	156.892364300493	200.607708110778
137.232927082351	156.556600183587	200.133660424022
138.242823265373	156.220836066681	199.659612737265
139.252719448395	155.885071949774	199.185565050509
140.252721543843	155.548295859160	198.709937310523
141.239531522523	155.210170470270	198.232202832897
142.226341501204	154.872045081380	197.754468355271
143.213151479885	154.533919692490	197.276733877646
144.191788348016	154.194873880705	196.797558774446
145.157143911505	153.854332381714	196.316042654688
146.122499474994	153.513790882723	195.834526534930
147.087855038483	153.173249383732	195.353010415173
148.046541014794	152.831883505153	194.870200729365
148.991887816748	152.488868867395	194.384803911458
149.937234618703	152.145854229638	193.899407093551
150.882581420658	151.802839591881	193.414010275644
151.879533053213	151.536175143693	192.815008146466
153.005496762267	151.460386169429	191.931992739110
154.131460471321	151.384597195166	191.048977331755
155.257424180376	151.308808220902	190.165961924399
156.377267682574	151.232989920159	189.279725053144
157.477526522835	151.157077774680	188.383179497411
158.577785363095	151.081165629201	187.486633941677
159.678044203355	151.005253483723	186.590088385944
160.773752507813	150.929317752686	185.690832714827
161.850121035112	150.853281783031	184.780059053327
162.926489562412	150.777245813376	183.869285391827
164.002858089711	150.701209843721	182.958511730327
165.076043404491	150.625156090778	182.045596745761
166.130129444153	150.548995638105	181.119833822796
167.184215483815	150.472835185432	180.194070899832
168.238301523478	150.396674732760	179.268307976868
169.290401879822	150.320502361248	178.341038197646
170.323638244646	150.244216760763	177.399453283976
171.356874609469	150.167931160277	176.457868370306
172.390110974293	150.091645559792	175.516283456637
173.422415616762	150.015353967943	174.573901583039
174.436085812151	149.938942548819	173.615580510885
175.449756007540	149.862531129695	172.657259438731
176.463426202928	149.786119710571	171.698938366577
177.477096398317	149.709708291447	170.740617294423
178.472355654065	149.633170376750	169.764552764489
179.467614909814	149.556632462054	168.788488234554
180.462874165563	149.480094547358	167.812423704620
181.458133421312	149.403556632661	166.836359174686
182.436853032390	149.326897595400	165.842334794601
183.414745661235	149.250232502011	164.847412422009
184.392638290080	149.173567408622	163.852490049417
185.370530918926	149.096902315233	162.857567676825
186.333568452413	149.020121531676	161.844463129031
187.295042291652	148.943328570208	160.829444668058
188.256516130891	148.866535608739	159.814426207085
189.217989970130	148.789742647270	158.799407746112
190.166130674181	148.712839488246	157.765979122009
191.112049189035	148.635917962963	156.729482137383
192.057967703888	148.558996437680	155.692985152758
193.003886218742	148.482074912398	154.656488168132
193.937851289971	148.405048743227	153.601347850869
194.869003786231	148.327997951964	152.541820867103
195.800156282490	148.250947160702	151.482293883336
196.731308778749	148.173896369440	150.422766899570
197.651762455409	148.096746549866	149.344359012896
198.568872750943	148.019565783944	148.260050844063
199.485983046478	147.942385018023	147.175742675230
200.403093342013	147.865204252102	146.091434506397
201.310649019815	147.787930136224	144.988004670257
202.214382850524	147.710618680364	143.876926167194
203.118116681232	147.633307224504	142.765847664131
204.021850511941	147.555995768644	141.654769161069
204.917076041703	147.478596704847	140.524326848142
205.808047420991	147.401153837081	139.384202630284
206.699018800279	147.323710969315	138.244078412425
207.589990179567	147.246268101549	137.103954194567
208.473412476240	147.168743432430	135.944225341981
209.352189183612	147.091168424017	134.772432098794
210.230965890985	147.013593415604	133.600638855607
211.109742598357	146.936018407190	132.428845612420
211.981851667521	146.858367469488	131.237212208606
212.848960008030	146.780659584819	130.030698684322
213.716068348538	146.702951700151	128.824185160038
214.583176689046	146.625243815482	127.617671635753
215.470904314464	146.336762394494	126.590408381530
216.377376744345	145.856668667761	125.726099918270
217.283849174226	145.376574941029	124.861791455010
218.190321604107	144.896481214296	123.997482991751
219.091075838143	144.413903522466	123.123631457115
219.985540056751	143.928593469030	122.239282543967
220.880004275358	143.443283415594	121.354933630819
221.774468493966	142.957973362158	120.470584717670
222.664001515514	142.470346812939	119.576963926699
223.546959607650	141.979631602677	118.670980631964
224.429917699786	141.488916392414	117.764997337229
225.312875791923	140.998201182152	116.859014042494
226.191628713587	140.505350408729	115.944095335789
227.063548233237	140.009029345170	115.014656584632
227.935467752886	139.512708281611	114.085217833475
228.807387272535	139.016387218052	113.155779082318
229.675772694119	138.518126322930	112.217822953518
230.537089919572	138.015985764679	111.262832069430
231.398407145025	137.513845206429	110.307841185342
232.259724370478	137.011704648179	109.352850301254
233.118128903960	136.507836292920	108.389863103474
233.969251707514	135.999648445139	107.406885121464
234.820374511068	135.491460597359	106.423907139454
235.671497314622	134.983272749578	105.440929157444
236.520283828445	134.473587140849	104.450607663610
237.361594215134	133.959108697087	103.436786931938
238.202904601822	133.444630253325	102.422966200267
239.044214988510	132.930151809563	101.409145468595
239.883724608390	132.414425566710	100.388804856010
240.715580969330	131.893396177726	99.3407547495415
241.547437330270	131.372366788741	98.2927046430734
242.379293691210	130.851337399757	97.2446545366053
243.209847588971	130.329332286597	96.1911333336689
244.032586707657	129.801472828383	95.1047855519222
244.855325826342	129.273613370169	94.0184377701755
245.678064945028	128.745753911955	92.9320899884288
246.499965942307	128.217215412404	91.8416223436229
247.313904786231	127.682226020163	90.7120159997546
248.127843630154	127.147236627921	89.5824096558864
248.941782474077	126.612247235680	88.4528033120181
249.755316483770	126.076902949169	87.3208438455820
250.560753808856	125.534460777278	86.1418219277877
251.366191133942	124.992018605388	84.9628000099933
252.171628459028	124.449576433497	83.7837780921990
252.977065784114	123.907134261607	82.6047561744046
252.487835593289	125.140889239780	82.0590076431164
251.998605402464	126.374644217953	81.5132591118282
251.509375211639	127.608399196126	80.9675105805400
251.020145020813	128.842154174300	80.4217620492518
250.527955320083	130.040566080005	79.8643279713472
250.035617643856	131.237210832088	79.3063096161118
249.543279967630	132.433855584170	78.7482912608764
249.050942291404	133.630500336252	78.1902729056410
248.555734198307	134.796644996834	77.6202985965217
248.060223956065	135.959579121469	77.0490657659408
247.564713713823	137.122513246103	76.4778329353600
247.069203471581	138.285447370738	75.9066001047791
246.570916097421	139.421975613370	75.3231193981235
246.072165867940	140.554102875668	74.7375973787886
245.573415638460	141.686230137967	74.1520753594538
245.074665408980	142.818357400265	73.5665533401189
244.573235761365	143.927572931221	72.9684669320082
244.071175662424	145.031397466567	72.3674241971267
243.569115563484	146.135222001912	71.7663814622451
243.067055464543	147.239046537258	71.1653387273636
242.562418343748	148.322966442865	70.5513867645875
242.056975903624	149.400666151678	69.9334006680943
241.551533463499	150.478365860491	69.3154145716011
241.046091023374	151.556065569304	68.6974284751079
240.538178912032	152.616467932268	68.0661553931056
240.029278932204	153.669951356892	67.4295675168997
239.520378952375	154.723434781516	66.7929796406937
239.011478972547	155.776918206140	66.1563917644878
238.500221918149	156.815380027271	65.5061005059870
237.987786326467	157.846331046655	64.8489575563389
237.475350734784	158.877282066040	64.1918146066907
236.962915143102	159.908233085424	63.5346716570425
236.448240632714	160.926160811908	62.8633630525013
235.932188326200	161.936074204300	62.1833371218721
235.416136019686	162.945987596691	61.5033111912429
234.900083713172	163.955900989083	60.8232852606137
234.381916539737	164.954555334044	60.1285762091955
233.862163216110	165.944765393431	59.4228548171855
233.342409892484	166.934975452818	58.7171334251756
232.822656568857	167.925185512205	58.0114120331657
232.300918688375	168.905701816020	57.2904226146524
231.777376665297	169.877405614767	56.5555531720452
231.253834642219	170.849109413515	55.8206837294380
230.730292619140	171.820813212263	55.0858142868309
230.204902997965	172.784218285590	54.3350079784786
229.677481018883	173.738494760955	53.5666711178067
229.150059039802	174.692771236320	52.7983342571348
228.622637060720	175.647047711686	52.0299973964629
228.093511512113	176.594273875076	51.2449480220582
227.562114537474	177.532099622500	50.4376152960097
227.030717562835	178.469925369924	49.6302825699612
226.499320588196	179.407751117348	48.8229498439127
225.966371597210	180.339647987032	47.9979892579726
225.430900579660	181.261910430389	47.1443833997086
224.895429562111	182.184172873746	46.2907775414446
224.359958544561	183.106435317102	45.4371716831806
223.823095080211	184.023779763784	44.5648334375336
223.283446722259	184.931288217116	43.6550304171206
222.743798364308	185.838796670447	42.7452273967077
222.204150006356	186.746305123779	41.8354243762948
221.663277319944	187.649809739000	40.9055162757013
221.119343812378	188.543304758943	39.9253454746564
220.575410304811	189.436799778886	38.9451746736115
220.031476797245	190.330294798830	37.9650038725666
219.486496205563	191.220615133462	36.9629504744862
218.938164944710	192.100776475101	35.8908727658921
218.389833683857	192.980937816739	34.8187950572981
217.841502423004	193.861099158378	33.7467173487041
217.292311075019	194.738839944150	32.6503088066688
216.739464356723	195.606293367489	31.4504942225077
216.186617638428	196.473746790829	30.2506796383465
215.633770920133	197.341200214169	29.0508650541854
215.080261545583	198.206920737617	27.8229754642052
214.522776233502	199.062243861718	26.4266358393104
213.965290921422	199.917566985818	25.0302962144157
213.407805609342	200.772890109919	23.6339565895210
212.849866247509	201.627108875822	22.2023721343023
212.287613413035	202.470836238854	20.4359617910054
211.725360578561	203.314563601886	18.6695514477085
211.163107744087	204.158290964918	16.9031411044116
210.600621450815	205.001489760819	15.0417767683156
210.033465981593	205.834117214096	11.2813325762366
209.466310512371	206.666744667373	7.52088838415771
208.899155043149	207.499372120650	3.76044419207883
208.331999573927	208.331999573927	0